f =

 Columns 1 through 6:

   5.3133e+02   5.3359e+02   5.3585e+02   5.3811e+02   5.4037e+02   5.4262e+02

 Columns 7 through 12:

   5.4487e+02   5.4713e+02   5.4937e+02   5.5162e+02   5.5387e+02   5.5611e+02

 Columns 13 through 18:

   5.5835e+02   5.6059e+02   5.6283e+02   5.6507e+02   5.6730e+02   5.6954e+02

 Columns 19 through 24:

   5.7177e+02   5.7400e+02   5.7623e+02   5.7845e+02   5.8068e+02   5.8290e+02

 Columns 25 through 30:

   5.8512e+02   5.8734e+02   5.8956e+02   5.9177e+02   5.9398e+02   5.9620e+02

 Columns 31 through 36:

   5.9841e+02   6.0061e+02   6.0282e+02   6.0503e+02   6.0723e+02   6.0943e+02

 Columns 37 through 42:

   6.1163e+02   6.1383e+02   6.1602e+02   6.1822e+02   6.2041e+02   6.2260e+02

 Columns 43 through 48:

   6.2479e+02   6.2698e+02   6.2916e+02   6.3134e+02   6.3353e+02   6.3571e+02

 Columns 49 through 54:

   6.3788e+02   6.4006e+02   6.4224e+02   6.4441e+02   6.4658e+02   6.4875e+02

 Columns 55 through 60:

   6.5092e+02   6.5308e+02   6.5525e+02   6.5741e+02   6.5957e+02   6.6173e+02

 Columns 61 through 66:

   6.6388e+02   6.6604e+02   6.6819e+02   6.7035e+02   6.7250e+02   6.7464e+02

 Columns 67 through 72:

   6.7679e+02   6.7893e+02   6.8108e+02   6.8322e+02   6.8536e+02   6.8750e+02

 Columns 73 through 78:

   6.8963e+02   6.9177e+02   6.9390e+02   6.9603e+02   6.9816e+02   7.0029e+02

 Columns 79 through 84:

   7.0241e+02   7.0453e+02   7.0666e+02   7.0878e+02   7.1090e+02   7.1301e+02

 Columns 85 through 90:

   7.1513e+02   7.1724e+02   7.1935e+02   7.2146e+02   7.2357e+02   7.2568e+02

 Columns 91 through 96:

   7.2778e+02   7.2988e+02   7.3198e+02   7.3408e+02   7.3618e+02   7.3828e+02

 Columns 97 through 102:

   7.4037e+02   7.4246e+02   7.4455e+02   7.4664e+02   7.4873e+02   7.5081e+02

 Columns 103 through 108:

   7.5290e+02   7.5498e+02   7.5706e+02   7.5914e+02   7.6121e+02   7.6329e+02

 Columns 109 through 114:

   7.6536e+02   7.6743e+02   7.6950e+02   7.7157e+02   7.7364e+02   7.7570e+02

 Columns 115 through 120:

   7.7776e+02   7.7982e+02   7.8188e+02   7.8394e+02   7.8600e+02   7.8805e+02

 Columns 121 through 126:

   7.9010e+02   7.9215e+02   7.9420e+02   7.9625e+02   7.9830e+02   8.0034e+02

 Columns 127 through 132:

   8.0238e+02   8.0442e+02   8.0646e+02   8.0850e+02   8.1053e+02   8.1257e+02

 Columns 133 through 138:

   8.1460e+02   8.1663e+02   8.1865e+02   8.2068e+02   8.2271e+02   8.2473e+02

 Columns 139 through 144:

   8.2675e+02   8.2877e+02   8.3079e+02   8.3280e+02   8.3482e+02   8.3683e+02

 Columns 145 through 150:

   8.3884e+02   8.4085e+02   8.4286e+02   8.4486e+02   8.4687e+02   8.4887e+02

 Columns 151 through 156:

   8.5087e+02   8.5287e+02   8.5487e+02   8.5686e+02   8.5886e+02   8.6085e+02

 Columns 157 through 162:

   8.6284e+02   8.6483e+02   8.6681e+02   8.6880e+02   8.7078e+02   8.7277e+02

 Columns 163 through 168:

   8.7475e+02   8.7672e+02   8.7870e+02   8.8068e+02   8.8265e+02   8.8462e+02

 Columns 169 through 174:

   8.8659e+02   8.8856e+02   8.9052e+02   8.9249e+02   8.9445e+02   8.9641e+02

 Columns 175 through 180:

   8.9837e+02   9.0033e+02   9.0229e+02   9.0424e+02   9.0620e+02   9.0815e+02

 Columns 181 through 186:

   9.1010e+02   9.1204e+02   9.1399e+02   9.1593e+02   9.1788e+02   9.1982e+02

 Columns 187 through 192:

   9.2176e+02   9.2369e+02   9.2563e+02   9.2756e+02   9.2950e+02   9.3143e+02

 Columns 193 through 198:

   9.3336e+02   9.3528e+02   9.3721e+02   9.3913e+02   9.4106e+02   9.4298e+02

 Columns 199 through 204:

   9.4490e+02   9.4681e+02   9.4873e+02   9.5064e+02   9.5255e+02   9.5446e+02

 Columns 205 through 210:

   9.5637e+02   9.5828e+02   9.6019e+02   9.6209e+02   9.6399e+02   9.6589e+02

 Columns 211 through 216:

   9.6779e+02   9.6969e+02   9.7158e+02   9.7348e+02   9.7537e+02   9.7726e+02

 Columns 217 through 222:

   9.7915e+02   9.8103e+02   9.8292e+02   9.8480e+02   9.8668e+02   9.8856e+02

 Columns 223 through 228:

   9.9044e+02   9.9232e+02   9.9419e+02   9.9607e+02   9.9794e+02   9.9981e+02

 Columns 229 through 234:

   1.0017e+03   1.0035e+03   1.0054e+03   1.0073e+03   1.0091e+03   1.0110e+03

 Columns 235 through 240:

   1.0129e+03   1.0147e+03   1.0166e+03   1.0184e+03   1.0203e+03   1.0221e+03

 Columns 241 through 246:

   1.0240e+03   1.0258e+03   1.0277e+03   1.0295e+03   1.0313e+03   1.0332e+03

 Columns 247 through 252:

   1.0350e+03   1.0369e+03   1.0387e+03   1.0405e+03   1.0424e+03   1.0442e+03

 Columns 253 through 258:

   1.0460e+03   1.0478e+03   1.0497e+03   1.0515e+03   1.0533e+03   1.0551e+03

 Columns 259 through 264:

   1.0570e+03   1.0588e+03   1.0606e+03   1.0624e+03   1.0642e+03   1.0660e+03

 Columns 265 through 270:

   1.0678e+03   1.0696e+03   1.0714e+03   1.0732e+03   1.0750e+03   1.0768e+03

 Columns 271 through 276:

   1.0786e+03   1.0804e+03   1.0822e+03   1.0840e+03   1.0858e+03   1.0876e+03

 Columns 277 through 282:

   1.0894e+03   1.0912e+03   1.0930e+03   1.0948e+03   1.0965e+03   1.0983e+03

 Columns 283 through 288:

   1.1001e+03   1.1019e+03   1.1036e+03   1.1054e+03   1.1072e+03   1.1090e+03

 Columns 289 through 294:

   1.1107e+03   1.1125e+03   1.1143e+03   1.1160e+03   1.1178e+03   1.1196e+03

 Columns 295 through 300:

   1.1213e+03   1.1231e+03   1.1248e+03   1.1266e+03   1.1283e+03   1.1301e+03

 Columns 301 through 306:

   1.1318e+03   1.1336e+03   1.1353e+03   1.1371e+03   1.1388e+03   1.1406e+03

 Columns 307 through 312:

   1.1423e+03   1.1440e+03   1.1458e+03   1.1475e+03   1.1492e+03   1.1510e+03

 Columns 313 through 318:

   1.1527e+03   1.1544e+03   1.1561e+03   1.1579e+03   1.1596e+03   1.1613e+03

 Columns 319 through 324:

   1.1630e+03   1.1648e+03   1.1665e+03   1.1682e+03   1.1699e+03   1.1716e+03

 Columns 325 through 330:

   1.1733e+03   1.1750e+03   1.1767e+03   1.1784e+03   1.1801e+03   1.1818e+03

 Columns 331 through 336:

   1.1835e+03   1.1852e+03   1.1869e+03   1.1886e+03   1.1903e+03   1.1920e+03

 Columns 337 through 342:

   1.1937e+03   1.1954e+03   1.1971e+03   1.1988e+03   1.2005e+03   1.2021e+03

 Columns 343 through 348:

   1.2038e+03   1.2055e+03   1.2072e+03   1.2088e+03   1.2105e+03   1.2122e+03

 Columns 349 through 354:

   1.2139e+03   1.2155e+03   1.2172e+03   1.2189e+03   1.2205e+03   1.2222e+03

 Columns 355 through 360:

   1.2239e+03   1.2255e+03   1.2272e+03   1.2288e+03   1.2305e+03   1.2321e+03

 Columns 361 through 366:

   1.2338e+03   1.2354e+03   1.2371e+03   1.2387e+03   1.2404e+03   1.2420e+03

 Columns 367 through 372:

   1.2437e+03   1.2453e+03   1.2469e+03   1.2486e+03   1.2502e+03   1.2519e+03

 Columns 373 through 378:

   1.2535e+03   1.2551e+03   1.2567e+03   1.2584e+03   1.2600e+03   1.2616e+03

 Columns 379 through 384:

   1.2632e+03   1.2649e+03   1.2665e+03   1.2681e+03   1.2697e+03   1.2713e+03

 Columns 385 through 390:

   1.2729e+03   1.2746e+03   1.2762e+03   1.2778e+03   1.2794e+03   1.2810e+03

 Columns 391 through 396:

   1.2826e+03   1.2842e+03   1.2858e+03   1.2874e+03   1.2890e+03   1.2906e+03

 Columns 397 through 402:

   1.2922e+03   1.2938e+03   1.2954e+03   1.2970e+03   1.2985e+03   1.3001e+03

 Columns 403 through 408:

   1.3017e+03   1.3033e+03   1.3049e+03   1.3065e+03   1.3080e+03   1.3096e+03

 Columns 409 through 414:

   1.3112e+03   1.3128e+03   1.3143e+03   1.3159e+03   1.3175e+03   1.3190e+03

 Columns 415 through 420:

   1.3206e+03   1.3222e+03   1.3237e+03   1.3253e+03   1.3268e+03   1.3284e+03

 Columns 421 through 426:

   1.3300e+03   1.3315e+03   1.3331e+03   1.3346e+03   1.3362e+03   1.3377e+03

 Columns 427 through 432:

   1.3393e+03   1.3408e+03   1.3423e+03   1.3439e+03   1.3454e+03   1.3470e+03

 Columns 433 through 438:

   1.3485e+03   1.3500e+03   1.3516e+03   1.3531e+03   1.3546e+03   1.3562e+03

 Columns 439 through 444:

   1.3577e+03   1.3592e+03   1.3607e+03   1.3623e+03   1.3638e+03   1.3653e+03

 Columns 445 through 450:

   1.3668e+03   1.3683e+03   1.3699e+03   1.3714e+03   1.3729e+03   1.3744e+03

